304,446,32.071399,118.778042,32.01855182970,118.73735100000
307,90,32.069487,118.782956,32.05285564530,118.80261864000
307,90,32.069487,118.782956,32.05285564530,118.80261864000
306,606,32.069209,118.780871,32.08743237070,118.82874279200
308,15,32.066796,118.784851,32.10175196990,118.75831560000
309,415,32.068385,118.782982,32.01615954030,118.74269898000
314,510,32.080392,118.788525,32.01994498520,118.79396694000
314,510,32.080392,118.788525,32.01994498520,118.79396694000
314,523,32.080392,118.788525,32.13990184500,118.81408122000
314,523,32.080392,118.788525,32.13990184500,118.81408122000
314,525,32.080392,118.788525,32.03612599500,118.79890362000
314,525,32.080392,118.788525,32.03612599500,118.79890362000
314,508,32.080392,118.788525,32.11215785980,118.81456506000
314,508,32.080392,118.788525,32.11215785980,118.81456506000
314,504,32.080392,118.788525,31.98604266040,118.80512729900
314,504,32.080392,118.788525,31.98604266040,118.80512729900
314,519,32.080392,118.788525,32.09637312030,118.75880844000
314,519,32.080392,118.788525,32.09637312030,118.75880844000
314,506,32.080392,118.788525,32.03918761530,118.84626486000
314,506,32.080392,118.788525,32.03918761530,118.84626486000
314,521,32.080392,118.788525,32.09553787520,118.75190328000
314,521,32.080392,118.788525,32.09553787520,118.75190328000
314,546,32.080392,118.788525,32.02315974030,118.72828872000
314,546,32.080392,118.788525,32.02315974030,118.72828872000
314,559,32.080392,118.788525,32.09574194470,118.75893600400
314,559,32.080392,118.788525,32.09574194470,118.75893600400
314,544,32.080392,118.788525,32.08367857490,118.77614928000
314,544,32.080392,118.788525,32.08367857490,118.77614928000
314,547,32.080392,118.788525,32.02641152980,118.82749823900
314,547,32.080392,118.788525,32.02641152980,118.82749823900
314,538,32.080392,118.788525,32.07848021970,118.73543184000
314,538,32.080392,118.788525,32.07848021970,118.73543184000
314,536,32.080392,118.788525,32.04987245960,118.73815200000
314,536,32.080392,118.788525,32.04987245960,118.73815200000
314,549,32.080392,118.788525,32.07644739020,118.76071950000
314,549,32.080392,118.788525,32.07644739020,118.76071950000
314,535,32.080392,118.788525,31.99973836520,118.73567394000
314,535,32.080392,118.788525,31.99973836520,118.73567394000
314,505,32.080392,118.788525,32.05432125010,118.72521108000
314,505,32.080392,118.788525,32.05432125010,118.72521108000
314,522,32.080392,118.788525,32.00652148540,118.77329538000
314,522,32.080392,118.788525,32.00652148540,118.77329538000
314,550,32.080392,118.788525,32.07613725020,118.76044950000
314,550,32.080392,118.788525,32.07613725020,118.76044950000
314,503,32.080392,118.788525,31.99215410980,118.79132400000
314,503,32.080392,118.788525,31.99215410980,118.79132400000
314,520,32.080392,118.788525,31.99872087020,118.80197046000
314,520,32.080392,118.788525,31.99872087020,118.80197046000
314,548,32.080392,118.788525,32.03147232040,118.75400802000
314,548,32.080392,118.788525,32.03147232040,118.75400802000
314,537,32.080392,118.788525,32.08570172970,118.76799114000
314,537,32.080392,118.788525,32.08570172970,118.76799114000
314,526,32.080392,118.788525,32.07121564490,118.74451860000
314,526,32.080392,118.788525,32.07121564490,118.74451860000
314,507,32.080392,118.788525,32.08746865470,118.80013014000
314,507,32.080392,118.788525,32.08746865470,118.80013014000
314,543,32.080392,118.788525,32.03822272540,118.82671542000
314,543,32.080392,118.788525,32.03822272540,118.82671542000
314,509,32.080392,118.788525,32.01558367520,118.78548588000
314,509,32.080392,118.788525,32.01558367520,118.78548588000
314,545,32.080392,118.788525,32.11257546010,118.80750096000
314,545,32.080392,118.788525,32.11257546010,118.80750096000
314,524,32.080392,118.788525,32.05214536470,118.89100314000
314,524,32.080392,118.788525,32.05214536470,118.89100314000
314,560,32.080392,118.788525,32.02790999150,118.71454224100
314,560,32.080392,118.788525,32.02790999150,118.71454224100
314,500,32.080392,118.788525,32.11473640490,118.77816582000
314,500,32.080392,118.788525,32.11473640490,118.77816582000
314,518,32.080392,118.788525,32.04378058460,118.77160392000
314,518,32.080392,118.788525,32.04378058460,118.77160392000
314,554,32.080392,118.788525,32.03612779520,118.78954452000
314,554,32.080392,118.788525,32.03612779520,118.78954452000
314,531,32.080392,118.788525,32.03507934010,118.79281656000
314,531,32.080392,118.788525,32.03507934010,118.79281656000
314,533,32.080392,118.788525,32.03642934040,118.74010302000
314,533,32.080392,118.788525,32.03642934040,118.74010302000
314,499,32.080392,118.788525,32.02004101470,118.83356136000
314,499,32.080392,118.788525,32.02004101470,118.83356136000
314,516,32.080392,118.788525,32.14460560460,118.83275802000
314,516,32.080392,118.788525,32.14460560460,118.83275802000
314,552,32.080392,118.788525,32.00269441460,118.76419890000
314,552,32.080392,118.788525,32.00269441460,118.76419890000
314,511,32.080392,118.788525,32.05333170040,118.78054308000
314,511,32.080392,118.788525,32.05333170040,118.78054308000
314,539,32.080392,118.788525,32.01353397030,118.78777692000
314,539,32.080392,118.788525,32.01353397030,118.78777692000
314,530,32.080392,118.788525,32.04321997490,118.73721150000
314,530,32.080392,118.788525,32.04321997490,118.73721150000
314,558,32.080392,118.788525,32.11152472330,118.74909633700
314,558,32.080392,118.788525,32.11152472330,118.74909633700
314,528,32.080392,118.788525,32.04244084510,118.75767372000
314,528,32.080392,118.788525,32.04244084510,118.75767372000
314,556,32.080392,118.788525,32.03445301630,118.71570550400
314,556,32.080392,118.788525,32.03445301630,118.71570550400
314,513,32.080392,118.788525,32.01692615990,118.80128052000
314,513,32.080392,118.788525,32.01692615990,118.80128052000
314,541,32.080392,118.788525,32.05034757010,118.81668402000
314,541,32.080392,118.788525,32.05034757010,118.81668402000
314,527,32.080392,118.788525,32.04868090530,118.73634066000
314,527,32.080392,118.788525,32.04868090530,118.73634066000
314,555,32.080392,118.788525,32.03789269530,118.79557938000
314,555,32.080392,118.788525,32.03789269530,118.79557938000
314,514,32.080392,118.788525,32.03305515000,118.80498492000
314,514,32.080392,118.788525,32.03305515000,118.80498492000
314,542,32.080392,118.788525,32.13095535030,118.81167660000
314,542,32.080392,118.788525,32.13095535030,118.81167660000
314,512,32.080392,118.788525,32.05541362460,118.79728560000
314,512,32.080392,118.788525,32.05541362460,118.79728560000
314,540,32.080392,118.788525,32.08575483000,118.75908384000
314,540,32.080392,118.788525,32.08575483000,118.75908384000
314,529,32.080392,118.788525,32.06373961460,118.78376832000
314,529,32.080392,118.788525,32.06373961460,118.78376832000
314,557,32.080392,118.788525,32.03877013350,118.83497300700
314,557,32.080392,118.788525,32.03877013350,118.83497300700
314,534,32.080392,118.788525,32.03527171540,118.74923604000
314,534,32.080392,118.788525,32.03527171540,118.74923604000
314,501,32.080392,118.788525,32.09197689030,118.74728340000
314,501,32.080392,118.788525,32.09197689030,118.74728340000
314,515,32.080392,118.788525,32.07512173470,118.81609020000
314,515,32.080392,118.788525,32.07512173470,118.81609020000
314,551,32.080392,118.788525,32.00881477470,118.77760836000
314,551,32.080392,118.788525,32.00881477470,118.77760836000
314,502,32.080392,118.788525,31.99938227990,118.79598078000
314,502,32.080392,118.788525,31.99938227990,118.79598078000
314,517,32.080392,118.788525,32.11166610000,118.81358316000
314,517,32.080392,118.788525,32.11166610000,118.81358316000
314,553,32.080392,118.788525,32.04398137530,118.77268482000
314,553,32.080392,118.788525,32.04398137530,118.77268482000
314,532,32.080392,118.788525,32.06694460480,118.77786162000
314,532,32.080392,118.788525,32.06694460480,118.77786162000
